	X09_3S_N_C_1	X09_1S_H_C_1	X09_23S_N_C_1	X09_10S_H_C_1	X09_19S_N_C_1	X09_20S_H_C_1	X09_6S_N_C_1	X09_16S_H_C_1	X10_6N_N_N_1	X10_23N_N_N_1	X10_16N_H_N_1	X10_1N_H_N_1	X10_20N_H_N_1	X10_3N_N_N_1	X10_19N_N_N_1	X10_10N_H_N_1	X11_20N_H_N_1	X11_23N_N_N_1	X11_10N_H_N_1	X11_19N_N_N_1	X11_3N_N_N_1	X11_16N_H_N_1	X11_6N_N_N_1	X11_1N_H_N_1	X12_10N_H_N_1	X12_19N_N_N_1	X12_23N_N_N_1	X12_6N_N_N_1	X12_1N_H_N_1	X12_3N_N_N_1	X12_20N_H_N_1	X12_16N_H_N_1	X13_10N_H_N_1	X13_6N_N_N_1	X13_16N_H_N_1	X13_1N_H_N_1	X13_20N_H_N_1	X13_3N_N_N_1	X13_19N_N_N_1	X13_23N_N_N_1	X14_1N_H_N_1	X14_3N_N_N_1	X14_6N_N_N_1	X14_10N_H_N_1	X14_16N_H_N_1	X14_19N_N_N_1	X14_20N_H_N_1	X14_23N_N_N_1	X15_1N_H_N_1	X15_3N_N_N_1	X15_6N_N_N_1	X15_10N_H_N_1	X15_16N_H_N_1	X15_19N_N_N_1	X15_20N_H_N_1	X15_23N_N_N_1	X16_1N_H_N_1	X16_3N_N_N_1	X16_6N_N_N_1	X16_10N_H_N_1	X16_16N_H_N_1	X16_19N_N_N_1	X16_20N_H_N_1	X16_23N_N_N_1
X09_3S_N_C_1	0	0.418118598	0.427887203	0.478632277	0.414227481	0.455989941	0.386078971	0.394124513	0.401428533	0.45936227	0.3756727	0.45390875	0.405318497	0.342091657	0.520620403	0.342502599	0.470191979	0.501561104	0.490673641	0.515463016	0.440191178	0.493803791	0.387585525	0.434227592	0.478875161	0.462464907	0.524435575	0.51187557	0.317190073	0.46099335	0.408478475	0.466100746	0.36819738	0.37951991	0.409735029	0.376199978	0.488981933	0.400034873	0.467577393	0.373252127	0.434512148	0.489435209	0.45567239	0.514406787	0.335368618	0.461905635	0.450260007	0.364151399	0.374189657	0.35298437	0.451766934	0.374965156	0.369768478	0.435070606	0.433440714	0.357398449	0.36140153	0.400838312	0.369910888	0.304860895	0.388433399	0.423576218	0.376845083	0.373913761
X09_1S_H_C_1	0.418118598	0	0.532343469	0.455223034	0.396223538	0.474206286	0.439609446	0.382822177	0.427509532	0.42607669	0.49669244	0.50419824	0.434849864	0.425771251	0.52680817	0.416675572	0.565402748	0.530099476	0.505787447	0.593644004	0.502546376	0.535932169	0.523433008	0.45482469	0.501837222	0.433149894	0.598533419	0.486359378	0.445948674	0.492567605	0.516236241	0.557376371	0.49006586	0.412821641	0.397123914	0.41789625	0.595887206	0.299620143	0.516225378	0.530926484	0.561807457	0.543761529	0.462779671	0.61886035	0.466819875	0.513165489	0.574825167	0.515549019	0.46466091	0.44459491	0.420949413	0.378748861	0.531203896	0.509391033	0.558283061	0.462553863	0.42264771	0.428546934	0.447296937	0.399116641	0.446460118	0.51418549	0.412866239	0.491087987
X09_23S_N_C_1	0.427887203	0.532343469	0	0.527762315	0.538827782	0.504868493	0.508621507	0.48620532	0.500941148	0.55714809	0.333196357	0.378869579	0.478759959	0.489154191	0.568507627	0.41956437	0.393706037	0.510319954	0.403884826	0.580507214	0.372895388	0.55212434	0.478454286	0.419234817	0.574382622	0.542806274	0.560062474	0.506030914	0.416471396	0.374684037	0.423311912	0.493962212	0.517270031	0.399279056	0.485140232	0.421324773	0.355835323	0.520820507	0.399969367	0.401545165	0.399555784	0.398068151	0.539296942	0.484440617	0.443610608	0.525999061	0.475500224	0.451526203	0.447738307	0.495085783	0.526182444	0.457049693	0.392715174	0.485699651	0.50432456	0.442816914	0.415406105	0.537091841	0.495807796	0.425447595	0.505976924	0.510461638	0.478397234	0.327030131
X09_10S_H_C_1	0.478632277	0.455223034	0.527762315	0	0.490702013	0.431826653	0.43211988	0.412887891	0.480830761	0.467702736	0.532951461	0.521238111	0.434910088	0.476569846	0.543833228	0.502352356	0.545175963	0.512495165	0.511746463	0.490235358	0.537880454	0.497179815	0.493811453	0.443933617	0.449196506	0.454153106	0.606511012	0.524275445	0.447692905	0.48095236	0.506343911	0.478661328	0.446279778	0.418283856	0.41873537	0.427993172	0.581836897	0.416608243	0.48745744	0.457656112	0.499151315	0.494883399	0.454973833	0.518105088	0.41069565	0.37863363	0.423125303	0.439695212	0.43577983	0.484000405	0.439396234	0.349961378	0.501059977	0.464048303	0.502189543	0.419765194	0.331998097	0.454100635	0.434717397	0.397199778	0.407006542	0.419085011	0.44966244	0.466215578
X09_19S_N_C_1	0.414227481	0.396223538	0.538827782	0.490702013	0	0.467644801	0.362439144	0.365567122	0.532625998	0.475459201	0.434519891	0.494743611	0.397204962	0.493521934	0.456582799	0.444417211	0.533261609	0.528183821	0.533252906	0.583753172	0.575624451	0.511294856	0.467013769	0.415107742	0.448130459	0.43594387	0.586769215	0.510868374	0.460195316	0.508598192	0.491772715	0.521369506	0.47918619	0.46189166	0.400955445	0.441008098	0.610571378	0.491640093	0.497190117	0.499209606	0.563677473	0.503591215	0.475030539	0.62765558	0.429653919	0.459497308	0.569826163	0.488742956	0.458844232	0.449375286	0.456717984	0.419045259	0.521033262	0.481057391	0.478637596	0.378813595	0.416159962	0.469187306	0.461802405	0.37600732	0.432960415	0.492269304	0.489952143	0.500631832
X09_20S_H_C_1	0.455989941	0.474206286	0.504868493	0.431826653	0.467644801	0	0.420506805	0.369348292	0.470559565	0.463516392	0.486802245	0.423396903	0.373320117	0.410205328	0.436811562	0.434850327	0.547005524	0.513490387	0.488881764	0.406262948	0.405005621	0.517087768	0.493116665	0.409364581	0.477167345	0.398080741	0.558364303	0.422386307	0.421179781	0.495022505	0.424661357	0.418213969	0.50770541	0.470759501	0.45613444	0.484372184	0.535167593	0.4574445	0.426986124	0.445076228	0.569493034	0.461730381	0.439568066	0.636251996	0.438339541	0.400973063	0.426347309	0.496675999	0.412836607	0.37211089	0.451546842	0.405338549	0.469676424	0.455809831	0.463034688	0.421590746	0.420109189	0.479416365	0.410747115	0.43295797	0.367921212	0.393288978	0.489131139	0.504354881
X09_6S_N_C_1	0.386078971	0.439609446	0.508621507	0.43211988	0.362439144	0.420506805	0	0.33226933	0.497298732	0.506152521	0.393261338	0.478364874	0.387197856	0.438120693	0.487906389	0.443982335	0.548010631	0.442287185	0.4739802	0.543237429	0.51914745	0.521323558	0.470468106	0.463150499	0.497533037	0.446724804	0.577813583	0.531726595	0.432668436	0.490906468	0.37813417	0.54831505	0.45242099	0.371761129	0.431807632	0.433660591	0.57165679	0.402105458	0.430105724	0.47821162	0.503418684	0.467926173	0.505479631	0.567543229	0.392882851	0.466112611	0.515524309	0.447275088	0.466386686	0.437042314	0.460625167	0.337706981	0.424920586	0.465653133	0.478082449	0.387824238	0.342424551	0.459508687	0.38562374	0.343539314	0.409570407	0.390952838	0.429151646	0.410146172
X09_16S_H_C_1	0.394124513	0.382822177	0.48620532	0.412887891	0.365567122	0.369348292	0.33226933	0	0.45933026	0.41473178	0.384105414	0.427722036	0.367867345	0.353412329	0.416605949	0.412649448	0.528037597	0.461470024	0.431316869	0.493927666	0.485468313	0.521659065	0.433967597	0.437734991	0.432093269	0.39685136	0.572354101	0.467062043	0.364548511	0.463881657	0.415297363	0.494750919	0.444651619	0.386802114	0.396598636	0.400434916	0.552101088	0.373852219	0.401627361	0.46791407	0.489655218	0.439610985	0.416689279	0.561760007	0.357718738	0.409041775	0.4912231	0.421044918	0.413286973	0.397284582	0.410344523	0.362048028	0.455156813	0.432583707	0.436480139	0.343337581	0.341894204	0.444107715	0.334355159	0.31323582	0.354212642	0.400414544	0.412280423	0.417696323
X10_6N_N_N_1	0.401428533	0.427509532	0.500941148	0.480830761	0.532625998	0.470559565	0.497298732	0.45933026	0	0.42597305	0.481296457	0.479883476	0.389658038	0.387536438	0.522905127	0.445000936	0.535557802	0.582707862	0.546214605	0.479971209	0.432073866	0.586789064	0.458268208	0.488613137	0.506273656	0.434025164	0.570225249	0.548164805	0.397818278	0.436367189	0.438962122	0.535911424	0.408290718	0.449012258	0.467019765	0.474146782	0.524428255	0.382546375	0.521820971	0.444205546	0.494711564	0.57714576	0.467548739	0.533051721	0.374225319	0.461009777	0.479815151	0.417443205	0.368386886	0.434293321	0.45914136	0.429190987	0.488384241	0.473316619	0.417639302	0.450939119	0.356499311	0.332527143	0.336736788	0.440655074	0.422411689	0.443569138	0.337222945	0.426610767
X10_23N_N_N_1	0.45936227	0.42607669	0.55714809	0.467702736	0.475459201	0.463516392	0.506152521	0.41473178	0.42597305	0	0.507592094	0.538689676	0.405605092	0.480576015	0.479029709	0.44587973	0.61657986	0.568415178	0.563533685	0.582604258	0.564523037	0.555869707	0.510862265	0.483645668	0.434865364	0.409923282	0.588133613	0.569657706	0.432219611	0.478570925	0.533902305	0.543759782	0.487723102	0.503474599	0.491836299	0.519291715	0.620359068	0.382341118	0.55893561	0.539124467	0.593158425	0.557512525	0.486536694	0.646480129	0.475865727	0.523372418	0.575360775	0.542446827	0.47407576	0.501025881	0.481237673	0.480579933	0.55643173	0.512806845	0.532431106	0.500668676	0.452768831	0.4645317	0.461263485	0.450523534	0.386017273	0.481163563	0.435791433	0.519944022
X10_16N_H_N_1	0.3756727	0.49669244	0.333196357	0.532951461	0.434519891	0.486802245	0.393261338	0.384105414	0.481296457	0.507592094	0	0.444138757	0.448238643	0.399459251	0.518521308	0.407420762	0.417403136	0.540443487	0.437240372	0.550805103	0.394248347	0.581942935	0.454961544	0.486773611	0.53790184	0.466983453	0.575286141	0.506153869	0.39356152	0.386683806	0.421625203	0.536212604	0.445367792	0.398210703	0.451780219	0.432523931	0.477592102	0.505442844	0.378363877	0.460978997	0.412429837	0.390187233	0.467702487	0.47808128	0.412499552	0.466533223	0.505413995	0.447468648	0.439543287	0.412778753	0.483913203	0.430058501	0.481378565	0.505105716	0.445829583	0.385824056	0.427919481	0.485912136	0.37312346	0.405382756	0.436909713	0.421035974	0.418442513	0.310116929
X10_1N_H_N_1	0.45390875	0.50419824	0.378869579	0.521238111	0.494743611	0.423396903	0.478364874	0.427722036	0.479883476	0.538689676	0.444138757	0	0.360371327	0.442172094	0.521609309	0.455864143	0.439496269	0.499647881	0.381054838	0.600164151	0.352271107	0.551823865	0.53026783	0.454833356	0.561409998	0.529311356	0.583448575	0.563343382	0.473625631	0.399121769	0.48903397	0.575090896	0.518345198	0.363355619	0.547383322	0.470546558	0.453150776	0.465290781	0.336076798	0.458670441	0.442769796	0.387826953	0.556719329	0.525838152	0.473960384	0.567389292	0.515713988	0.503513325	0.458206649	0.429803504	0.459344149	0.426314767	0.478596704	0.440504876	0.564225261	0.485040047	0.377268813	0.461316151	0.490289868	0.372901401	0.480372271	0.51073683	0.465370291	0.370924909
X10_20N_H_N_1	0.405318497	0.434849864	0.478759959	0.434910088	0.397204962	0.373320117	0.387197856	0.367867345	0.389658038	0.405605092	0.448238643	0.360371327	0	0.346877388	0.476598135	0.424781007	0.522874477	0.475788299	0.415097966	0.497191408	0.425930888	0.486451023	0.401581389	0.334726209	0.439377392	0.447109693	0.532441114	0.517785174	0.367294287	0.449887219	0.409785345	0.457962263	0.458472266	0.3602339	0.407513474	0.42917264	0.488650425	0.355945854	0.433641401	0.367459666	0.463161282	0.488099458	0.49982414	0.539069853	0.305259926	0.436022465	0.471924737	0.389513306	0.311070932	0.400585623	0.404139033	0.373878649	0.451078156	0.421266301	0.428640117	0.40268092	0.32404339	0.388498151	0.414699681	0.369607639	0.350710886	0.428051444	0.407396089	0.377652405
X10_3N_N_N_1	0.342091657	0.425771251	0.489154191	0.476569846	0.493521934	0.410205328	0.438120693	0.353412329	0.387536438	0.480576015	0.399459251	0.442172094	0.346877388	0	0.518409251	0.40077593	0.517097695	0.517700742	0.505778289	0.489297786	0.38370787	0.585682307	0.464182254	0.4696053	0.52105381	0.472979489	0.543968788	0.48325998	0.364471274	0.481180362	0.414057431	0.498565639	0.437985672	0.405618107	0.403830509	0.431472154	0.540796608	0.417423164	0.496987405	0.451635163	0.492870199	0.525108902	0.467308066	0.558892416	0.401836219	0.427145789	0.487076156	0.438016071	0.35634663	0.321546537	0.354519804	0.373739671	0.442687143	0.490978668	0.49650094	0.415382059	0.406384762	0.40916006	0.373400748	0.387050045	0.393538791	0.387276388	0.414780673	0.405732452
X10_19N_N_N_1	0.520620403	0.52680817	0.568507627	0.543833228	0.456582799	0.436811562	0.487906389	0.416605949	0.522905127	0.479029709	0.518521308	0.521609309	0.476598135	0.518409251	0	0.494057037	0.622213013	0.594542562	0.576708128	0.570487641	0.565654088	0.583403205	0.521807532	0.493801889	0.497464675	0.428244819	0.546000089	0.557342105	0.467397271	0.493815808	0.528491463	0.550123004	0.568718821	0.543752433	0.511152436	0.522615084	0.642804844	0.520209529	0.529302233	0.543631399	0.603845584	0.478678869	0.521848713	0.666498036	0.484263803	0.524155864	0.593996008	0.565635748	0.466303123	0.467923127	0.506325906	0.507360046	0.566585896	0.560320875	0.499749221	0.487233977	0.485563555	0.545783687	0.46221288	0.458015354	0.466139066	0.537480194	0.532000271	0.543180769
X10_10N_H_N_1	0.342502599	0.416675572	0.41956437	0.502352356	0.444417211	0.434850327	0.443982335	0.412649448	0.445000936	0.44587973	0.407420762	0.455864143	0.424781007	0.40077593	0.494057037	0	0.478574403	0.481364415	0.47312673	0.533999219	0.449364687	0.504483223	0.42002469	0.397578281	0.498070315	0.413435829	0.553164099	0.418247519	0.370757839	0.441628302	0.388568051	0.466537886	0.428892625	0.438821589	0.438042184	0.429270966	0.491261584	0.398956516	0.456539192	0.342355475	0.511073363	0.4661029	0.438480525	0.580727759	0.358565013	0.436388232	0.46647535	0.435827212	0.379637609	0.409423667	0.434555928	0.432167301	0.397415038	0.430716103	0.46461094	0.407606716	0.407043762	0.389887795	0.423248588	0.330781345	0.448241289	0.481606848	0.389762575	0.42496608
X11_20N_H_N_1	0.470191979	0.565402748	0.393706037	0.545175963	0.533261609	0.547005524	0.548010631	0.528037597	0.535557802	0.61657986	0.417403136	0.439496269	0.522874477	0.517097695	0.622213013	0.478574403	0	0.565948865	0.429084669	0.628865611	0.427497262	0.526258617	0.480473046	0.448669728	0.572805825	0.577648495	0.599631116	0.542205144	0.443069537	0.450769317	0.414826441	0.567240552	0.43620102	0.425787571	0.434154807	0.490261559	0.350444794	0.549766116	0.286698993	0.340220674	0.314574479	0.402001534	0.540049012	0.427586107	0.447109546	0.493203636	0.452176864	0.433605705	0.476676269	0.51848626	0.585263452	0.467029797	0.387871619	0.481501094	0.482786202	0.418940281	0.444228209	0.511776818	0.494516137	0.48702782	0.550456011	0.539299714	0.455384969	0.399911489
X11_23N_N_N_1	0.501561104	0.530099476	0.510319954	0.512495165	0.528183821	0.513490387	0.442287185	0.461470024	0.582707862	0.568415178	0.540443487	0.499647881	0.475788299	0.517700742	0.594542562	0.481364415	0.565948865	0	0.42721706	0.489257162	0.562894164	0.441141249	0.47888039	0.414964663	0.533179126	0.556506515	0.528051797	0.532207105	0.530371593	0.545464588	0.487423787	0.511122559	0.568125276	0.496995537	0.5377542	0.525371698	0.521872997	0.51434523	0.527511373	0.487239243	0.602528065	0.515827168	0.564744064	0.671044908	0.465530499	0.552102368	0.512119945	0.443223624	0.529048975	0.517424157	0.542111786	0.44398266	0.446042662	0.494799702	0.560583822	0.503778264	0.452962051	0.598142561	0.539577779	0.432329341	0.553503776	0.536739058	0.546626928	0.528612022
X11_10N_H_N_1	0.490673641	0.505787447	0.403884826	0.511746463	0.533252906	0.488881764	0.4739802	0.431316869	0.546214605	0.563533685	0.437240372	0.381054838	0.415097966	0.505778289	0.576708128	0.47312673	0.429084669	0.42721706	0	0.529163694	0.394108087	0.465183586	0.471549421	0.389017576	0.494119299	0.524883571	0.599902094	0.541178195	0.497461337	0.427265285	0.4547459	0.51033321	0.519623005	0.318634354	0.505729495	0.526651362	0.33158221	0.462386522	0.322416421	0.412446722	0.436125798	0.386787375	0.514465149	0.525127453	0.408664825	0.48115625	0.493973999	0.446563395	0.499458255	0.518122222	0.532979242	0.433383418	0.462300476	0.501360667	0.55800553	0.486732828	0.392387907	0.577479935	0.505194237	0.397711913	0.492267686	0.546839577	0.477169281	0.372410683
X11_19N_N_N_1	0.515463016	0.593644004	0.580507214	0.490235358	0.583753172	0.406262948	0.543237429	0.493927666	0.479971209	0.582604258	0.550805103	0.600164151	0.497191408	0.489297786	0.570487641	0.533999219	0.628865611	0.489257162	0.529163694	0	0.495389197	0.556518412	0.497463295	0.522061808	0.499865363	0.498439767	0.474953154	0.492526963	0.493694395	0.567504653	0.487881943	0.392465993	0.502628537	0.563593599	0.543257375	0.550875376	0.535660661	0.557918339	0.570565552	0.482964897	0.602051404	0.57804135	0.445327274	0.629901604	0.473572994	0.364438828	0.44121516	0.437065882	0.514201901	0.476779997	0.540960103	0.517069628	0.525313223	0.611036743	0.541749523	0.463909866	0.492515696	0.529030724	0.436768658	0.525434212	0.493819867	0.477853904	0.533871728	0.543278131
X11_3N_N_N_1	0.440191178	0.502546376	0.372895388	0.537880454	0.575624451	0.405005621	0.51914745	0.485468313	0.432073866	0.564523037	0.394248347	0.352271107	0.425930888	0.38370787	0.565654088	0.449364687	0.427497262	0.562894164	0.394108087	0.495389197	0	0.599277854	0.528752765	0.489221626	0.559232261	0.557249423	0.580528171	0.54098554	0.456248146	0.41057763	0.445583967	0.536694123	0.461460922	0.359660703	0.481904036	0.469688135	0.408281951	0.460198919	0.395265188	0.411584286	0.431568364	0.438726491	0.50262336	0.488103513	0.454512055	0.504620787	0.498944073	0.46712856	0.41787491	0.39430454	0.490915287	0.447123856	0.442420217	0.535856247	0.565710805	0.471155356	0.437790088	0.4899352	0.442635713	0.447660417	0.482031813	0.4828454	0.451769168	0.318789746
X11_16N_H_N_1	0.493803791	0.535932169	0.55212434	0.497179815	0.511294856	0.517087768	0.521323558	0.521659065	0.586789064	0.555869707	0.581942935	0.551823865	0.486451023	0.585682307	0.583403205	0.504483223	0.526258617	0.441141249	0.465183586	0.556518412	0.599277854	0	0.426924932	0.27582085	0.438428069	0.528869941	0.574244505	0.519245506	0.504006721	0.568986935	0.509273266	0.492881	0.512038263	0.535019452	0.477598729	0.509968355	0.533768194	0.561725716	0.45976652	0.363001301	0.562912835	0.531102025	0.503535182	0.630481177	0.471733857	0.440840873	0.479388084	0.399484808	0.510420905	0.571730191	0.524273272	0.488710478	0.40712372	0.473337897	0.49093822	0.49188553	0.46400736	0.573723049	0.557608244	0.469278788	0.478518255	0.596233351	0.539126117	0.578057298
X11_6N_N_N_1	0.387585525	0.523433008	0.478454286	0.493811453	0.467013769	0.493116665	0.470468106	0.433967597	0.458268208	0.510862265	0.454961544	0.53026783	0.401581389	0.464182254	0.521807532	0.42002469	0.480473046	0.47888039	0.471549421	0.497463295	0.528752765	0.426924932	0	0.353110275	0.536934601	0.466977143	0.486983828	0.516441434	0.373108793	0.498780995	0.437468327	0.381927313	0.485705786	0.451723252	0.406674433	0.420780909	0.455545899	0.461721759	0.463599426	0.345811171	0.42280886	0.487873483	0.510770565	0.522909022	0.269255954	0.444810579	0.445021029	0.231837526	0.369406001	0.381175338	0.516831735	0.430404843	0.394772508	0.479795682	0.317042616	0.368069308	0.389269525	0.486128676	0.454787472	0.380333393	0.461851366	0.473164513	0.428379021	0.401931638
X11_1N_H_N_1	0.434227592	0.45482469	0.419234817	0.443933617	0.415107742	0.409364581	0.463150499	0.437734991	0.488613137	0.483645668	0.486773611	0.454833356	0.334726209	0.4696053	0.493801889	0.397578281	0.448669728	0.414964663	0.389017576	0.522061808	0.489221626	0.27582085	0.353110275	0	0.409342621	0.446204448	0.515281391	0.428307771	0.40202741	0.432522788	0.375281146	0.434938713	0.4881693	0.45024203	0.34405418	0.420993178	0.422352302	0.460585932	0.400593811	0.284279747	0.484318169	0.433088479	0.451424442	0.553577194	0.376942531	0.336166744	0.414336291	0.371991696	0.388662229	0.481616033	0.439162144	0.419089967	0.344263101	0.403403881	0.391869907	0.418075045	0.39039594	0.521084381	0.504683851	0.394745335	0.429708491	0.522016951	0.477695424	0.47581368
X12_10N_H_N_1	0.478875161	0.501837222	0.574382622	0.449196506	0.448130459	0.477167345	0.497533037	0.432093269	0.506273656	0.434865364	0.53790184	0.561409998	0.439377392	0.52105381	0.497464675	0.498070315	0.572805825	0.533179126	0.494119299	0.499865363	0.559232261	0.438428069	0.536934601	0.409342621	0	0.463200947	0.565694335	0.486769372	0.488576736	0.469041275	0.497822291	0.527586621	0.482516111	0.512560686	0.47510279	0.487170044	0.573126061	0.464081691	0.497895185	0.496814353	0.607541628	0.482788523	0.450281592	0.636566567	0.494014352	0.376818971	0.564231595	0.534122582	0.486494585	0.560798605	0.499781401	0.490941483	0.531149892	0.542970713	0.517723884	0.477925444	0.452998386	0.543676339	0.449233695	0.430327274	0.431848309	0.510892783	0.55538449	0.576995615
X12_19N_N_N_1	0.462464907	0.433149894	0.542806274	0.454153106	0.43594387	0.398080741	0.446724804	0.39685136	0.434025164	0.409923282	0.466983453	0.529311356	0.447109693	0.472979489	0.428244819	0.413435829	0.577648495	0.556506515	0.524883571	0.498439767	0.557249423	0.528869941	0.466977143	0.446204448	0.463200947	0	0.599689285	0.503082381	0.400954728	0.420657058	0.465523941	0.394931713	0.534239138	0.471369848	0.494653456	0.430479611	0.57250295	0.405750795	0.48677909	0.477355716	0.550721673	0.471439314	0.459342833	0.622472814	0.417599071	0.400139717	0.500101526	0.50701567	0.413000421	0.460214918	0.445592171	0.424155092	0.526833928	0.487081232	0.454874517	0.44314312	0.412283056	0.464515895	0.456465965	0.36975995	0.401420098	0.483769151	0.415531574	0.515845731
X12_23N_N_N_1	0.524435575	0.598533419	0.560062474	0.606511012	0.586769215	0.558364303	0.577813583	0.572354101	0.570225249	0.588133613	0.575286141	0.583448575	0.532441114	0.543968788	0.546000089	0.553164099	0.599631116	0.528051797	0.599902094	0.474953154	0.580528171	0.574244505	0.486983828	0.515281391	0.565694335	0.599689285	0	0.614617927	0.523744841	0.546164812	0.546646335	0.507866307	0.586242458	0.628545283	0.522848007	0.542807113	0.561265845	0.590765684	0.604019772	0.527252836	0.616744662	0.602348338	0.595392319	0.654479356	0.562816605	0.539504207	0.566653387	0.483798193	0.490182919	0.535865841	0.575988137	0.594318917	0.516610455	0.634108094	0.589034869	0.536689866	0.545537305	0.589395888	0.561555732	0.533327068	0.607425956	0.583544196	0.569673407	0.593114405
X12_6N_N_N_1	0.51187557	0.486359378	0.506030914	0.524275445	0.510868374	0.422386307	0.531726595	0.467062043	0.548164805	0.569657706	0.506153869	0.563343382	0.517785174	0.48325998	0.557342105	0.418247519	0.542205144	0.532207105	0.541178195	0.492526963	0.54098554	0.519245506	0.516441434	0.428307771	0.486769372	0.503082381	0.614617927	0	0.477577616	0.592563949	0.459221311	0.443446876	0.545361043	0.588685004	0.500961778	0.486320367	0.543265447	0.500338508	0.518367945	0.471928534	0.57472181	0.52186276	0.399672643	0.653191876	0.489726407	0.413380836	0.491515169	0.522984905	0.492902618	0.503158901	0.483739287	0.506675503	0.498564776	0.546979703	0.508122487	0.441766411	0.509516348	0.546408302	0.486259949	0.528919161	0.516041145	0.519122077	0.507612074	0.548089554
X12_1N_H_N_1	0.317190073	0.445948674	0.416471396	0.447692905	0.460195316	0.421179781	0.432668436	0.364548511	0.397818278	0.432219611	0.39356152	0.473625631	0.367294287	0.364471274	0.467397271	0.370757839	0.443069537	0.530371593	0.497461337	0.493694395	0.456248146	0.504006721	0.373108793	0.40202741	0.488576736	0.400954728	0.523744841	0.477577616	0	0.414737283	0.352561221	0.392800335	0.405841954	0.414402901	0.377190678	0.356247882	0.450049033	0.374835384	0.432604921	0.36401999	0.395088582	0.453869083	0.441854659	0.506849895	0.330609623	0.440842684	0.390826386	0.373371541	0.312900167	0.376053694	0.436920394	0.390510209	0.375757634	0.416176596	0.388274279	0.316958677	0.338975268	0.418648235	0.349759257	0.340991996	0.381782542	0.448834745	0.34097006	0.378451867
X12_3N_N_N_1	0.46099335	0.492567605	0.374684037	0.48095236	0.508598192	0.495022505	0.490906468	0.463881657	0.436367189	0.478570925	0.386683806	0.399121769	0.449887219	0.481180362	0.493815808	0.441628302	0.450769317	0.545464588	0.427265285	0.567504653	0.41057763	0.568986935	0.498780995	0.432522788	0.469041275	0.420657058	0.546164812	0.592563949	0.414737283	0	0.473063635	0.542287359	0.47672139	0.363773202	0.497267609	0.469426212	0.474265424	0.464815777	0.391723429	0.484632412	0.471763977	0.373412715	0.540000454	0.511720568	0.460351955	0.507769645	0.536042448	0.525657746	0.426325407	0.480229142	0.465123283	0.443503943	0.505808659	0.486996665	0.520845467	0.498017481	0.376215301	0.531246472	0.465501167	0.396202978	0.465625496	0.535638588	0.469124684	0.397508072
X12_20N_H_N_1	0.408478475	0.516236241	0.423311912	0.506343911	0.491772715	0.424661357	0.37813417	0.415297363	0.438962122	0.533902305	0.421625203	0.48903397	0.409785345	0.414057431	0.528491463	0.388568051	0.414826441	0.487423787	0.4547459	0.487881943	0.445583967	0.509273266	0.437468327	0.375281146	0.497822291	0.465523941	0.546646335	0.459221311	0.352561221	0.473063635	0	0.512147859	0.433748492	0.436404366	0.395930373	0.457556868	0.407015463	0.444437363	0.346034313	0.279391942	0.417702992	0.460860569	0.436590179	0.507363541	0.38127306	0.344394805	0.368467069	0.368778428	0.429293994	0.486372043	0.509236174	0.386719248	0.309532543	0.422679848	0.398789657	0.343319559	0.395374683	0.484639768	0.38740097	0.416301184	0.417552388	0.411522267	0.395518513	0.430735668
X12_16N_H_N_1	0.466100746	0.557376371	0.493962212	0.478661328	0.521369506	0.418213969	0.54831505	0.494750919	0.535911424	0.543759782	0.536212604	0.575090896	0.457962263	0.498565639	0.550123004	0.466537886	0.567240552	0.511122559	0.51033321	0.392465993	0.536694123	0.492881	0.381927313	0.434938713	0.527586621	0.394931713	0.507866307	0.443446876	0.392800335	0.542287359	0.512147859	0	0.531498778	0.548528338	0.486727208	0.394749856	0.513627023	0.527118811	0.560630136	0.441174007	0.544126102	0.541320894	0.467426295	0.625447741	0.424471491	0.413659428	0.420423827	0.390622447	0.443065072	0.45508676	0.54377682	0.485938534	0.489886407	0.523824824	0.484494429	0.448816019	0.470747762	0.527811504	0.495969898	0.473261363	0.519156292	0.513676497	0.502370445	0.495907425
X13_10N_H_N_1	0.36819738	0.49006586	0.517270031	0.446279778	0.47918619	0.50770541	0.45242099	0.444651619	0.408290718	0.487723102	0.445367792	0.518345198	0.458472266	0.437985672	0.568718821	0.428892625	0.43620102	0.568125276	0.519623005	0.502628537	0.461460922	0.512038263	0.485705786	0.4881693	0.482516111	0.534239138	0.586242458	0.545361043	0.405841954	0.47672139	0.433748492	0.531498778	0	0.434719953	0.434774779	0.46424391	0.565621583	0.47955676	0.489559923	0.402615152	0.477898291	0.520268289	0.463099793	0.525328377	0.399306221	0.447055778	0.445701007	0.434472914	0.460183601	0.469780678	0.510623345	0.388842421	0.458130251	0.460783583	0.490967821	0.373434408	0.378933619	0.416204722	0.35134487	0.432935529	0.407829798	0.477315906	0.409168177	0.443687303
X13_6N_N_N_1	0.37951991	0.412821641	0.399279056	0.418283856	0.46189166	0.470759501	0.371761129	0.386802114	0.449012258	0.503474599	0.398210703	0.363355619	0.3602339	0.405618107	0.543752433	0.438821589	0.425787571	0.496995537	0.318634354	0.563593599	0.359660703	0.535019452	0.451723252	0.45024203	0.512560686	0.471369848	0.628545283	0.588685004	0.414402901	0.363773202	0.436404366	0.548528338	0.434719953	0	0.455249593	0.458648754	0.438904463	0.356023016	0.322663563	0.423916423	0.352960356	0.37047099	0.515868482	0.42391266	0.318664302	0.496524443	0.503052584	0.416855843	0.419430552	0.454039006	0.439386951	0.293183619	0.450110013	0.430111957	0.487665141	0.4147075	0.297134889	0.472819998	0.415929792	0.297133742	0.412208253	0.455816342	0.39815143	0.262246862
X13_16N_H_N_1	0.409735029	0.397123914	0.485140232	0.41873537	0.400955445	0.45613444	0.431807632	0.396598636	0.467019765	0.491836299	0.451780219	0.547383322	0.407513474	0.403830509	0.511152436	0.438042184	0.434154807	0.5377542	0.505729495	0.543257375	0.481904036	0.477598729	0.406674433	0.34405418	0.47510279	0.494653456	0.522848007	0.500961778	0.377190678	0.497267609	0.395930373	0.486727208	0.434774779	0.455249593	0	0.383274621	0.499200564	0.443303733	0.487278747	0.403509018	0.475117232	0.54519357	0.377560878	0.535074265	0.390546475	0.354674117	0.462468354	0.369805346	0.365067377	0.431943611	0.448185748	0.417062782	0.412151849	0.50055834	0.435309491	0.33089439	0.426276099	0.466396497	0.394678492	0.414485248	0.419666777	0.445807977	0.443322801	0.439168477
X13_1N_H_N_1	0.376199978	0.41789625	0.421324773	0.427993172	0.441008098	0.484372184	0.433660591	0.400434916	0.474146782	0.519291715	0.432523931	0.470546558	0.42917264	0.431472154	0.522615084	0.429270966	0.490261559	0.525371698	0.526651362	0.550875376	0.469688135	0.509968355	0.420780909	0.420993178	0.487170044	0.430479611	0.542807113	0.486320367	0.356247882	0.469426212	0.457556868	0.394749856	0.46424391	0.458648754	0.383274621	0	0.525428109	0.439573895	0.483055929	0.422920576	0.448810566	0.482210418	0.464098466	0.509303187	0.393053735	0.459982017	0.464364812	0.39610264	0.400138692	0.398427796	0.43527003	0.386808997	0.419438685	0.483470366	0.459321486	0.362284276	0.356904586	0.450696292	0.411308311	0.361851911	0.470957504	0.446242183	0.403796795	0.387993977
X13_20N_H_N_1	0.488981933	0.595887206	0.355835323	0.581836897	0.610571378	0.535167593	0.57165679	0.552101088	0.524428255	0.620359068	0.477592102	0.453150776	0.488650425	0.540796608	0.642804844	0.491261584	0.350444794	0.521872997	0.33158221	0.535660661	0.408281951	0.533768194	0.455545899	0.422352302	0.573126061	0.57250295	0.561265845	0.543265447	0.450049033	0.474265424	0.407015463	0.513627023	0.565621583	0.438904463	0.499200564	0.525428109	0	0.522481618	0.394426957	0.344017292	0.34322868	0.46712738	0.564353398	0.478373201	0.419619805	0.462287608	0.402336528	0.378854863	0.49664842	0.567354725	0.606668952	0.528715187	0.394100396	0.558437919	0.489486929	0.503958403	0.460874873	0.591041265	0.523121671	0.499365124	0.543087893	0.551469572	0.503188117	0.36803961
X13_3N_N_N_1	0.400034873	0.299620143	0.520820507	0.416608243	0.491640093	0.4574445	0.402105458	0.373852219	0.382546375	0.382341118	0.505442844	0.465290781	0.355945854	0.417423164	0.520209529	0.398956516	0.549766116	0.51434523	0.462386522	0.557918339	0.460198919	0.561725716	0.461721759	0.460585932	0.464081691	0.405750795	0.590765684	0.500338508	0.374835384	0.464815777	0.444437363	0.527118811	0.47955676	0.356023016	0.443303733	0.439573895	0.522481618	0	0.451696141	0.456544612	0.475274002	0.502801299	0.477280885	0.556406168	0.388021941	0.492216578	0.512761326	0.445657485	0.433224361	0.451566202	0.438477898	0.364501599	0.469088649	0.473789793	0.496137636	0.44580638	0.352588327	0.42930085	0.419884948	0.354495886	0.417252786	0.421772334	0.347035459	0.444757399
X13_19N_N_N_1	0.467577393	0.516225378	0.399969367	0.48745744	0.497190117	0.426986124	0.430105724	0.401627361	0.521820971	0.55893561	0.378363877	0.336076798	0.433641401	0.496987405	0.529302233	0.456539192	0.286698993	0.527511373	0.322416421	0.570565552	0.395265188	0.45976652	0.463599426	0.400593811	0.497895185	0.48677909	0.604019772	0.518367945	0.432604921	0.391723429	0.346034313	0.560630136	0.489559923	0.322663563	0.487278747	0.483055929	0.394426957	0.451696141	0	0.339720464	0.332866989	0.264518231	0.48933576	0.425144824	0.435353379	0.454421453	0.452334161	0.448720012	0.457148896	0.501622029	0.497585455	0.424656255	0.393396516	0.434572828	0.425139604	0.436650037	0.370217088	0.537758882	0.437635488	0.396259355	0.431595959	0.50046463	0.435845052	0.392463977
X13_23N_N_N_1	0.373252127	0.530926484	0.401545165	0.457656112	0.499209606	0.445076228	0.47821162	0.46791407	0.444205546	0.539124467	0.460978997	0.458670441	0.367459666	0.451635163	0.543631399	0.342355475	0.340220674	0.487239243	0.412446722	0.482964897	0.411584286	0.363001301	0.345811171	0.284279747	0.496814353	0.477355716	0.527252836	0.471928534	0.36401999	0.484632412	0.279391942	0.441174007	0.402615152	0.423916423	0.403509018	0.422920576	0.344017292	0.456544612	0.339720464	0	0.334415386	0.450536075	0.456777372	0.430055505	0.281667532	0.329756962	0.293489664	0.261082358	0.354754184	0.465995462	0.511432925	0.405700011	0.227892906	0.401633397	0.359014275	0.382226591	0.321544916	0.44069443	0.402902616	0.38972716	0.418229619	0.460064541	0.353844657	0.390765514
X14_1N_H_N_1	0.434512148	0.561807457	0.399555784	0.499151315	0.563677473	0.569493034	0.503418684	0.489655218	0.494711564	0.593158425	0.412429837	0.442769796	0.463161282	0.492870199	0.603845584	0.511073363	0.314574479	0.602528065	0.436125798	0.602051404	0.431568364	0.562912835	0.42280886	0.484318169	0.607541628	0.550721673	0.616744662	0.57472181	0.395088582	0.471763977	0.417702992	0.544126102	0.477898291	0.352960356	0.475117232	0.448810566	0.34322868	0.475274002	0.332866989	0.334415386	0	0.397050234	0.540140843	0.294918215	0.36178479	0.490182704	0.445652589	0.333188452	0.432288829	0.495146688	0.547653371	0.432678649	0.393322628	0.49035093	0.429010779	0.431621307	0.34956193	0.471436882	0.444576771	0.431015749	0.497920574	0.494666733	0.383561998	0.284916227
X14_3N_N_N_1	0.489435209	0.543761529	0.398068151	0.494883399	0.503591215	0.461730381	0.467926173	0.439610985	0.57714576	0.557512525	0.390187233	0.387826953	0.488099458	0.525108902	0.478678869	0.4661029	0.402001534	0.515827168	0.386787375	0.57804135	0.438726491	0.531102025	0.487873483	0.433088479	0.482788523	0.471439314	0.602348338	0.52186276	0.453869083	0.373412715	0.460860569	0.541320894	0.520268289	0.37047099	0.54519357	0.482210418	0.46712738	0.502801299	0.264518231	0.450536075	0.397050234	0	0.528422684	0.487461941	0.467557444	0.533595333	0.533517587	0.503954791	0.459945122	0.499851116	0.494333025	0.460775859	0.45479726	0.429591596	0.488656709	0.417576135	0.404070827	0.544664409	0.495812226	0.404970712	0.469330481	0.523531169	0.482241272	0.40288293
X14_6N_N_N_1	0.45567239	0.462779671	0.539296942	0.454973833	0.475030539	0.439568066	0.505479631	0.416689279	0.467548739	0.486536694	0.467702487	0.556719329	0.49982414	0.467308066	0.521848713	0.438480525	0.540049012	0.564744064	0.514465149	0.445327274	0.50262336	0.503535182	0.510770565	0.451424442	0.450281592	0.459342833	0.595392319	0.399672643	0.441854659	0.540000454	0.436590179	0.467426295	0.463099793	0.515868482	0.377560878	0.464098466	0.564353398	0.477280885	0.48933576	0.456777372	0.540140843	0.528422684	0	0.606854927	0.449602952	0.372015232	0.499497144	0.474586277	0.444016307	0.442606515	0.483603973	0.486267857	0.491555182	0.514568721	0.493311448	0.421074804	0.474620704	0.497953235	0.358267608	0.45652294	0.430751008	0.474936813	0.437930558	0.517571301
X14_10N_H_N_1	0.514406787	0.61886035	0.484440617	0.518105088	0.62765558	0.636251996	0.567543229	0.561760007	0.533051721	0.646480129	0.47808128	0.525838152	0.539069853	0.558892416	0.666498036	0.580727759	0.427586107	0.671044908	0.525127453	0.629901604	0.488103513	0.630481177	0.522909022	0.553577194	0.636566567	0.622472814	0.654479356	0.653191876	0.506849895	0.511720568	0.507363541	0.625447741	0.525328377	0.42391266	0.535074265	0.509303187	0.478373201	0.556406168	0.425144824	0.430055505	0.294918215	0.487461941	0.606854927	0	0.440515593	0.51764194	0.509048409	0.421807702	0.513350891	0.560353363	0.602488718	0.498721959	0.489769331	0.529581346	0.521777758	0.495640411	0.425209322	0.508775557	0.486313271	0.504193261	0.562901166	0.561524329	0.458172623	0.374319461
X14_16N_H_N_1	0.335368618	0.466819875	0.443610608	0.41069565	0.429653919	0.438339541	0.392882851	0.357718738	0.374225319	0.475865727	0.412499552	0.473960384	0.305259926	0.401836219	0.484263803	0.358565013	0.447109546	0.465530499	0.408664825	0.473572994	0.454512055	0.471733857	0.269255954	0.376942531	0.494014352	0.417599071	0.562816605	0.489726407	0.330609623	0.460351955	0.38127306	0.424471491	0.399306221	0.318664302	0.390546475	0.393053735	0.419619805	0.388021941	0.435353379	0.281667532	0.36178479	0.467557444	0.449602952	0.440515593	0	0.387961148	0.375135603	0.26265767	0.290030755	0.36672606	0.457623291	0.348836428	0.363193879	0.409821324	0.304844849	0.324802832	0.290479315	0.375519473	0.333363949	0.316578448	0.380043854	0.392952247	0.301294053	0.276674019
X14_19N_N_N_1	0.461905635	0.513165489	0.525999061	0.37863363	0.459497308	0.400973063	0.466112611	0.409041775	0.461009777	0.523372418	0.466533223	0.567389292	0.436022465	0.427145789	0.524155864	0.436388232	0.493203636	0.552102368	0.48115625	0.364438828	0.504620787	0.440840873	0.444810579	0.336166744	0.376818971	0.400139717	0.539504207	0.413380836	0.440842684	0.507769645	0.344394805	0.413659428	0.447055778	0.496524443	0.354674117	0.459982017	0.462287608	0.492216578	0.454421453	0.329756962	0.490182704	0.533595333	0.372015232	0.51764194	0.387961148	0	0.380048059	0.383638799	0.429831204	0.494877193	0.475609379	0.438335234	0.424909308	0.524040076	0.427861567	0.401732999	0.425673523	0.476395144	0.393640289	0.458797014	0.414025189	0.430937601	0.470463185	0.490911299
X14_20N_H_N_1	0.450260007	0.574825167	0.475500224	0.423125303	0.569826163	0.426347309	0.515524309	0.4912231	0.479815151	0.575360775	0.505413995	0.515713988	0.471924737	0.487076156	0.593996008	0.46647535	0.452176864	0.512119945	0.493973999	0.44121516	0.498944073	0.479388084	0.445021029	0.414336291	0.564231595	0.500101526	0.566653387	0.491515169	0.390826386	0.536042448	0.368467069	0.420423827	0.445701007	0.503052584	0.462468354	0.464364812	0.402336528	0.512761326	0.452334161	0.293489664	0.445652589	0.533517587	0.499497144	0.509048409	0.375135603	0.380048059	0	0.333383881	0.472555758	0.486329418	0.540530953	0.427111483	0.381559499	0.451898404	0.404739545	0.431153549	0.419242178	0.513733851	0.41826411	0.455327206	0.508795464	0.467671767	0.41377129	0.433261101
X14_23N_N_N_1	0.364151399	0.515549019	0.451526203	0.439695212	0.488742956	0.496675999	0.447275088	0.421044918	0.417443205	0.542446827	0.447468648	0.503513325	0.389513306	0.438016071	0.565635748	0.435827212	0.433605705	0.443223624	0.446563395	0.437065882	0.46712856	0.399484808	0.231837526	0.371991696	0.534122582	0.50701567	0.483798193	0.522984905	0.373371541	0.525657746	0.368778428	0.390622447	0.434472914	0.416855843	0.369805346	0.39610264	0.378854863	0.445657485	0.448720012	0.261082358	0.333188452	0.503954791	0.474586277	0.421807702	0.26265767	0.383638799	0.333383881	0	0.386686464	0.429302469	0.515898672	0.385474817	0.33752742	0.447334052	0.359315628	0.318425432	0.309967146	0.449553484	0.373435301	0.367206442	0.416599611	0.419082487	0.358730864	0.330156034
X15_1N_H_N_1	0.374189657	0.46466091	0.447738307	0.43577983	0.458844232	0.412836607	0.466386686	0.413286973	0.368386886	0.47407576	0.439543287	0.458206649	0.311070932	0.35634663	0.466303123	0.379637609	0.476676269	0.529048975	0.499458255	0.514201901	0.41787491	0.510420905	0.369406001	0.388662229	0.486494585	0.413000421	0.490182919	0.492902618	0.312900167	0.426325407	0.429293994	0.443065072	0.460183601	0.419430552	0.365067377	0.400138692	0.49664842	0.433224361	0.457148896	0.354754184	0.432288829	0.459945122	0.444016307	0.513350891	0.290030755	0.429831204	0.472555758	0.386686464	0	0.369319525	0.415147815	0.433765347	0.407419449	0.441204765	0.366814936	0.374054328	0.336015516	0.420317971	0.419611401	0.368461562	0.37878808	0.4469971	0.406966307	0.401765494
X15_3N_N_N_1	0.35298437	0.44459491	0.495085783	0.484000405	0.449375286	0.37211089	0.437042314	0.397284582	0.434293321	0.501025881	0.412778753	0.429803504	0.400585623	0.321546537	0.467923127	0.409423667	0.51848626	0.517424157	0.518122222	0.476779997	0.39430454	0.571730191	0.381175338	0.481616033	0.560798605	0.460214918	0.535865841	0.503158901	0.376053694	0.480229142	0.486372043	0.45508676	0.469780678	0.454039006	0.431943611	0.398427796	0.567354725	0.451566202	0.501622029	0.465995462	0.495146688	0.499851116	0.442606515	0.560353363	0.36672606	0.494877193	0.486329418	0.429302469	0.369319525	0	0.413612466	0.407357551	0.465407725	0.497206897	0.46467958	0.40934908	0.403610982	0.414766745	0.390501918	0.36511402	0.456207277	0.412841764	0.418508349	0.425911188
X15_6N_N_N_1	0.451766934	0.420949413	0.526182444	0.439396234	0.456717984	0.451546842	0.460625167	0.410344523	0.45914136	0.481237673	0.483913203	0.459344149	0.404139033	0.354519804	0.506325906	0.434555928	0.585263452	0.542111786	0.532979242	0.540960103	0.490915287	0.524273272	0.516831735	0.439162144	0.499781401	0.445592171	0.575988137	0.483739287	0.436920394	0.465123283	0.509236174	0.54377682	0.510623345	0.439386951	0.448185748	0.43527003	0.606668952	0.438477898	0.497585455	0.511432925	0.547653371	0.494333025	0.483603973	0.602488718	0.457623291	0.475609379	0.540530953	0.515898672	0.415147815	0.413612466	0	0.389143613	0.508934165	0.494872407	0.520129403	0.455705038	0.385043799	0.439531218	0.477448629	0.374916277	0.447806579	0.488106492	0.470043532	0.490061894
